GWS_5x3_Scan
 

2  0.0635   ! Nblades  [ Rref ]

 
0.30  4.9   ! CL0     CL_a
 
-0.8  1.4   ! CLmin   CLmax

 
0.026  0.07  0.03  0.30   !  CD0    CD2u  CD2l  CLCD0 
 
35000   -0.8        !  REref  REexp

 
0.001    0.001     1.0  !  Rfac   Cfac   Bfac  
 
0.0     0.00     0.0  !  Radd   Cadd   Badd  


#  r    chord    beta

6.95000000000000	11.9834170341531	15.2655159604949
8.90000000000000	13.5669087133742	15.4446892212347
10.8500000000000	14.6072431007015	15.5357210190414
12.8000000000000	14.9381287746705	16.4450700456225
14.7500000000000	14.9149186758228	16.4682404935126
16.7000000000000	14.3873001018381	16.0308249605598
18.6500000000000	14.7122730420002	16.6574079882681
20.6000000000000	14.9712659737761	17.2182096248769
22.5500000000000	15.1367779300374	17.1776176870279
24.5000000000000	14.7784720193567	18.2302243205230
26.4500000000000	14.7111735763106	16.9741613251392
28.4000000000000	14.9764435394662	18.0210606267001
30.3500000000000	14.9324645294173	18.4066728928834
32.3000000000000	14.6531840538591	16.7491089700938
34.2500000000000	14.6844236623546	16.5211297204530
36.2000000000000	14.3172057226962	16.5844092181409
38.1500000000000	14.1001939385342	14.9293781768078
40.1000000000000	13.6593177904258	13.8415866727151
42.0500000000000	13.5926323292042	14.2499952099080
44	13.0675474276559	12.3619764651872
45.9500000000000	12.5591590953979	11.3396256677084
47.9000000000000	11.9608834684208	12.1654813371390
49.8500000000000	11.5743102675171	11.7122758872160
51.8000000000000	11.2858497370227	11.5657795960520
53.7500000000000	10.6721535868794	11.1761596826762
55.7000000000000	9.96526590384442	11.2593758463313
57.6500000000000	9.40680588595086	9.75420514061556
59.6000000000000	8.49855502775174	9.45859438273180
61.5500000000000	7.73818965443734	9.23175193064862
63.5000000000000	3.24265539248120	7.55134956024892