GWS_5x3_Scan
 

2  0.0889   ! Nblades  [ Rref ]

 
0.30  4.9   ! CL0     CL_a
 
-0.8  1.4   ! CLmin   CLmax

 
0.026  0.07  0.03  0.30   !  CD0    CD2u  CD2l  CLCD0 
 
35000   -0.8        !  REref  REexp

 
0.001    0.001     1.0  !  Rfac   Cfac   Bfac  
 
0.0     0.00     0.0  !  Radd   Cadd   Badd  


#  r    chord    beta

11.6633333333333	14.9682440430431	21.1996795382469
14.3266666666667	15.6545782427596	23.5568416164318
16.9900000000000	15.6134317275611	24.0722895247328
19.6533333333333	15.6610357088122	24.3150047399186
22.3166666666667	16.0613763440050	23.2037221365016
24.9800000000000	15.9998478702724	22.6611811905717
27.6433333333333	16.0917301196171	22.6981629237733
30.3066666666667	15.9883091078988	22.2684583128591
32.9700000000000	15.5147297164065	18.9460664399606
35.6333333333333	15.4777138554679	20.0449256812843
38.2966666666667	15.2055583962386	18.8581858207773
40.9600000000000	14.7451903557108	15.6442622427165
43.6233333333333	14.2088681223115	15.0264647882225
46.2866666666667	13.8165444519924	13.4050662870246
48.9500000000000	13.7659740581759	12.7722359550405
51.6133333333333	13.2863495143537	11.5406672866154
54.2766666666667	12.8934842324044	13.3972456526885
56.9400000000000	12.4122204448266	12.6645120373295
59.6033333333333	12.1318646643293	11.5001123176357
62.2666666666667	11.4976840320779	11.9777595042331
64.9300000000000	11.0520187391042	8.56938845154313
67.5933333333333	10.5754655990620	9.06215045130304
70.2566666666667	10.2327907236128	8.10989406372074
72.9200000000000	9.97139309771880	7.33419035161855
75.5833333333333	9.22794487022528	9.72442635416574
78.2466666666667	8.70487076845216	7.24837333561345
80.9100000000000	8.25998269399922	5.57886592925601
83.5733333333333	7.34498520137421	6.98557744475374
86.2366666666667	5.57392949885799	7.29168268350245
88.9000000000000	2.27833161381135	6.39430991439290